mnist_noise_tf_single_layer:
[ 0.91799998  0.9174      0.91189998  0.90679997  0.90579998  0.89880002
  0.89850003  0.8951      0.89160001  0.89099997  0.87830001  0.88150001
  0.87519997  0.87480003  0.87769997  0.87599999  0.86049998  0.85119998
  0.83630002  0.84670001  0.85039997  0.84140003  0.83139998  0.81379998
  0.83450001  0.79640001  0.80040002  0.81089997  0.74910003  0.77630001
  0.77389997  0.098       0.79650003  0.80909997  0.098       0.78469998
  0.098       0.098       0.098       0.098       0.098       0.098       0.098
  0.098       0.098       0.098       0.098       0.098       0.098       0.098
  0.098       0.098       0.098       0.098       0.098       0.098       0.098
  0.098       0.098       0.098       0.098       0.098       0.098       0.098
  0.098       0.098       0.098       0.098       0.098       0.098       0.098
  0.098       0.098       0.098       0.098       0.098       0.098       0.098
  0.098       0.098       0.098       0.098       0.098       0.098       0.098
  0.098       0.098       0.098       0.098       0.098       0.098       0.098
  0.098       0.098       0.098       0.098       0.098       0.098       0.098
  0.098     ]
mnist_noise_tf_multi_layers:
[ 0.98269999  0.97970003  0.97619998  0.9734      0.96899998  0.96929997
  0.96640003  0.96429998  0.96319997  0.96079999  0.958       0.95649999
  0.95569998  0.95249999  0.94889998  0.95190001  0.94950002  0.94590002
  0.94459999  0.94019997  0.93989998  0.9368      0.93589997  0.9307
  0.92830002  0.92820001  0.92460001  0.91979998  0.91329998  0.91360003
  0.9152      0.91329998  0.91030002  0.90390003  0.90100002  0.90100002
  0.8897      0.8901      0.88990003  0.88849998  0.88870001  0.88419998
  0.8721      0.87050003  0.85829997  0.86650002  0.8635      0.85039997
  0.84680003  0.8441      0.8423      0.83279997  0.80400002  0.8258
  0.81559998  0.81639999  0.79799998  0.7626      0.76410002  0.77350003
  0.7701      0.76370001  0.7428      0.75150001  0.74839997  0.7281
  0.72860003  0.71100003  0.6886      0.69279999  0.67940003  0.67360002
  0.66659999  0.63349998  0.63069999  0.60390002  0.57569999  0.5747
  0.57929999  0.53320003  0.51069999  0.4883      0.43630001  0.39469999
  0.39340001  0.3707      0.2114      0.24860001  0.2385      0.1716
  0.18619999  0.1865      0.178       0.15440001  0.1561      0.098       0.098
  0.098       0.098       0.098     ]
mnist_noise_tf_conv_networks:
noise_coef = 0.0, accuracy_array = [0.9375, 0.97265625, 0.9765625, 0.9921875, 0.99609375, 0.98828125, 0.9921875, 0.99609375, 0.98828125, 0.99609375, 0.9921875, 0.99609375, 0.9921875, 0.9921875, 0.98046875, 0.9921875, 0.98828125, 0.98828125, 0.98828125, 1.0, 0.9921875, 0.9765625, 0.98828125, 0.9921875, 0.99609375, 0.99609375, 0.9921875, 0.9921875, 0.99609375, 0.99609375, 0.9921875, 0.98828125, 0.99609375, 0.98046875, 0.99609375, 0.98828125, 0.99609375, 0.9921875, 0.9921875, 0.99609375, 0.9921875, 1.0, 0.9921875, 0.99609375, 0.9921875, 0.98828125, 0.9921875, 0.9921875, 1.0, 0.9921875, 0.99609375, 0.9921875, 0.984375, 0.98828125, 0.9921875, 0.98828125, 0.99609375, 0.98828125, 0.98828125, 0.98046875, 0.984375, 0.99609375, 0.99609375, 0.98828125, 1.0, 0.98828125, 1.0, 0.984375, 0.98828125, 0.98828125, 0.99609375, 0.99609375, 0.9921875, 0.99609375, 0.9921875, 0.99609375, 0.99609375, 0.9921875, 0.98828125, 0.99609375, 0.9921875, 0.98828125, 1.0, 0.9921875, 0.99609375, 1.0, 0.9921875, 0.98828125, 0.99609375, 0.9921875, 0.9921875, 0.9921875, 1.0, 0.98046875, 0.984375, 0.99609375, 0.9921875, 0.99609375, 0.9921875, 0.99609375], last = 0.996094
mnist_noise_tf_conv_networks:
noise_coef = 0.01, accuracy_array = [0.95703125, 0.98046875, 0.98046875, 0.9921875, 0.98828125, 0.9921875, 0.99609375, 0.99609375, 0.98828125, 0.98046875, 0.9921875, 0.984375, 0.9921875, 1.0, 0.99609375, 0.99609375, 0.984375, 1.0, 0.98828125, 0.99609375, 0.9921875, 0.984375, 0.984375, 0.98046875, 1.0, 0.9921875, 0.99609375, 0.99609375, 0.99609375, 0.99609375, 1.0, 0.99609375, 0.98828125, 0.99609375, 0.9921875, 0.9765625, 0.98828125, 0.99609375, 0.9921875, 0.99609375, 0.9921875, 0.984375, 0.98828125, 1.0, 0.99609375, 0.98828125, 0.99609375, 0.99609375, 0.9921875, 0.9921875, 0.98828125, 0.99609375, 0.98828125, 0.99609375, 1.0, 1.0, 0.984375, 1.0, 0.9921875, 0.98828125, 0.9921875, 0.98828125, 0.984375, 0.99609375, 1.0, 0.99609375, 0.99609375, 0.9921875, 0.98828125, 1.0, 0.98828125, 1.0, 0.99609375, 0.99609375, 1.0, 0.9921875, 0.98828125, 0.99609375, 1.0, 0.9921875, 0.98828125, 0.9921875, 0.9921875, 1.0, 0.98828125, 0.9921875, 0.98828125, 0.9921875, 0.99609375, 0.9765625, 0.99609375, 0.984375, 0.99609375, 1.0, 0.98828125, 0.9921875, 0.99609375, 0.98828125, 0.99609375, 0.984375], last = 0.984375
mnist_noise_tf_conv_networks:
noise_coef = 0.02, accuracy_array = [0.953125, 0.9765625, 0.9765625, 0.98046875, 0.9921875, 0.9921875, 0.98828125, 0.99609375, 0.99609375, 0.99609375, 0.984375, 0.98828125, 0.99609375, 0.98828125, 1.0, 0.984375, 0.984375, 0.9921875, 0.98828125, 1.0, 0.9921875, 0.9921875, 0.99609375, 0.9921875, 0.9921875, 0.99609375, 0.984375, 0.9765625, 0.99609375, 0.9921875, 0.984375, 0.99609375, 0.98828125, 0.9921875, 1.0, 0.98046875, 0.984375, 0.98046875, 0.9921875, 0.99609375, 0.99609375, 0.9921875, 0.99609375, 0.9921875, 0.9921875, 1.0, 0.98828125, 0.98828125, 0.9921875, 1.0, 0.99609375, 1.0, 0.99609375, 0.99609375, 1.0, 0.98828125, 0.9765625, 0.99609375, 0.9921875, 0.99609375, 0.99609375, 0.9921875, 1.0, 0.99609375, 1.0, 0.99609375, 0.984375, 0.99609375, 0.99609375, 0.98046875, 1.0, 1.0, 0.9921875, 0.98828125, 0.98828125, 1.0, 0.984375, 0.99609375, 0.99609375, 0.9921875, 0.98828125, 0.99609375, 0.98828125, 0.99609375, 0.99609375, 0.99609375, 0.9921875, 0.9921875, 0.98828125, 0.9921875, 1.0, 0.9921875, 1.0, 0.99609375, 0.984375, 0.99609375, 0.9921875, 0.98828125, 0.99609375, 1.0], last = 1.0
mnist_noise_tf_conv_networks:
noise_coef = 0.03, accuracy_array = [0.9765625, 0.98046875, 0.98828125, 0.98828125, 0.98828125, 0.99609375, 0.99609375, 1.0, 0.984375, 0.9765625, 0.99609375, 0.9765625, 0.98046875, 0.99609375, 0.99609375, 0.98828125, 0.99609375, 0.99609375, 0.9921875, 0.98828125, 1.0, 0.98828125, 0.9921875, 0.99609375, 1.0, 1.0, 0.9921875, 0.98828125, 0.98828125, 0.9921875, 1.0, 1.0, 0.99609375, 0.984375, 0.9921875, 0.99609375, 0.98828125, 0.9921875, 1.0, 0.984375, 1.0, 0.984375, 0.98828125, 0.99609375, 1.0, 0.9921875, 0.99609375, 0.99609375, 0.9921875, 0.98828125, 0.98828125, 0.98828125, 0.99609375, 1.0, 0.99609375, 0.9921875, 0.9921875, 0.984375, 0.984375, 0.99609375, 0.98828125, 0.99609375, 0.98828125, 0.99609375, 0.9921875, 0.9921875, 0.9765625, 0.98828125, 0.9921875, 0.9921875, 0.98828125, 0.9921875, 0.9921875, 0.984375, 0.9921875, 0.9921875, 0.984375, 0.9921875, 0.98828125, 0.984375, 0.99609375, 0.9921875, 0.984375, 0.9921875, 0.9921875, 0.98828125, 0.99609375, 0.99609375, 1.0, 0.99609375, 0.98828125, 0.98828125, 0.98828125, 0.98046875, 0.98828125, 0.99609375, 0.9921875, 0.99609375, 0.9921875, 0.9921875], last = 0.992188
mnist_noise_tf_conv_networks:
noise_coef = 0.04, accuracy_array = [0.95703125, 0.984375, 0.9765625, 1.0, 1.0, 0.9921875, 0.99609375, 0.98046875, 0.9921875, 0.98828125, 0.9921875, 0.98828125, 0.99609375, 0.99609375, 0.99609375, 0.9921875, 0.99609375, 0.984375, 0.99609375, 1.0, 0.9921875, 1.0, 0.99609375, 0.99609375, 0.98046875, 0.99609375, 1.0, 0.99609375, 0.98828125, 0.9921875, 0.99609375, 0.98046875, 1.0, 0.98828125, 0.9921875, 0.9921875, 0.99609375, 0.99609375, 0.984375, 0.99609375, 0.98828125, 0.99609375, 0.9921875, 0.9921875, 0.99609375, 0.99609375, 0.99609375, 0.9921875, 0.98828125, 1.0, 0.99609375, 0.99609375, 0.984375, 1.0, 0.99609375, 0.99609375, 0.97265625, 0.9921875, 0.98828125, 0.98828125, 0.9921875, 0.99609375, 1.0, 0.984375, 0.9921875, 0.98828125, 0.99609375, 0.99609375, 0.99609375, 0.98828125, 0.98828125, 0.98828125, 0.9921875, 0.98828125, 0.99609375, 1.0, 0.99609375, 0.97265625, 1.0, 0.98828125, 0.99609375, 0.9921875, 0.98046875, 0.98828125, 0.99609375, 0.984375, 0.98828125, 0.9921875, 0.9921875, 0.98828125, 0.99609375, 0.98828125, 0.9921875, 0.99609375, 0.9765625, 0.984375, 0.9921875, 0.98828125, 0.98828125, 0.98828125], last = 0.988281
mnist_noise_tf_conv_networks:
noise_coef = 0.05, accuracy_array = [0.953125, 0.98046875, 0.9765625, 0.98828125, 0.99609375, 0.9765625, 1.0, 0.98828125, 0.98828125, 0.99609375, 0.9765625, 0.984375, 0.9921875, 0.99609375, 0.99609375, 0.9921875, 0.9765625, 0.984375, 0.98828125, 0.9921875, 1.0, 0.98046875, 0.99609375, 0.98828125, 0.9921875, 0.99609375, 0.98828125, 0.98828125, 0.99609375, 0.9921875, 0.9921875, 1.0, 0.99609375, 0.99609375, 1.0, 0.984375, 0.98046875, 1.0, 1.0, 0.9921875, 0.984375, 0.99609375, 0.99609375, 1.0, 0.99609375, 0.98828125, 0.98828125, 0.99609375, 0.9921875, 0.9921875, 0.9921875, 0.9921875, 0.98828125, 0.9921875, 0.99609375, 0.99609375, 0.9921875, 0.9921875, 0.9921875, 0.99609375, 0.9921875, 0.99609375, 1.0, 0.98828125, 0.98828125, 0.9921875, 0.99609375, 0.9921875, 0.99609375, 0.98828125, 0.9921875, 0.99609375, 0.9921875, 0.98828125, 0.9921875, 0.9921875, 0.9921875, 0.98828125, 0.984375, 0.98828125, 0.9921875, 1.0, 0.9921875, 0.9921875, 0.9921875, 0.98828125, 0.99609375, 0.9921875, 0.98828125, 0.984375, 0.984375, 1.0, 1.0, 0.99609375, 1.0, 0.98828125, 0.98828125, 0.9921875, 0.98046875, 0.99609375], last = 0.996094
mnist_noise_tf_conv_networks:
noise_coef = 0.06, accuracy_array = [0.953125, 0.98046875, 0.98828125, 0.98828125, 0.98828125, 0.99609375, 0.9765625, 0.9921875, 0.9921875, 0.98828125, 0.9921875, 1.0, 0.98828125, 0.98046875, 1.0, 0.9921875, 1.0, 0.9921875, 0.99609375, 0.99609375, 0.984375, 1.0, 0.9921875, 1.0, 0.9921875, 0.98828125, 1.0, 0.9921875, 0.98828125, 0.98828125, 0.99609375, 0.9921875, 1.0, 1.0, 0.984375, 0.9921875, 0.98828125, 0.9921875, 1.0, 0.99609375, 0.98828125, 0.9921875, 0.99609375, 1.0, 1.0, 0.984375, 0.99609375, 0.9921875, 0.98828125, 0.99609375, 0.9921875, 0.98828125, 0.9921875, 0.9921875, 0.98828125, 0.99609375, 0.9921875, 0.9921875, 0.98828125, 0.984375, 0.98828125, 0.99609375, 0.98828125, 1.0, 0.99609375, 0.9921875, 0.99609375, 0.99609375, 0.99609375, 0.9921875, 0.9921875, 0.99609375, 0.98046875, 0.99609375, 0.9921875, 0.99609375, 0.99609375, 1.0, 0.9921875, 0.99609375, 1.0, 0.99609375, 0.984375, 0.99609375, 0.99609375, 0.99609375, 0.9765625, 0.9921875, 0.99609375, 0.9921875, 0.98828125, 0.97265625, 0.99609375, 1.0, 0.984375, 0.98828125, 0.98828125, 0.98046875, 0.9921875, 0.9921875], last = 0.992188
mnist_noise_tf_conv_networks:
noise_coef = 0.07, accuracy_array = [0.94921875, 0.96484375, 0.9921875, 0.9921875, 0.984375, 1.0, 0.98046875, 1.0, 1.0, 0.99609375, 0.99609375, 0.98828125, 0.9921875, 0.98828125, 1.0, 0.98828125, 1.0, 0.99609375, 0.9921875, 0.9921875, 0.99609375, 0.9921875, 0.9921875, 0.99609375, 0.9921875, 0.984375, 0.984375, 0.98046875, 0.9921875, 0.98828125, 0.98828125, 0.99609375, 0.99609375, 0.99609375, 0.98828125, 0.98828125, 0.9921875, 1.0, 0.9921875, 1.0, 1.0, 0.9921875, 0.99609375, 0.9921875, 0.99609375, 0.9921875, 0.98828125, 1.0, 0.9921875, 0.99609375, 1.0, 0.984375, 0.9921875, 1.0, 0.97265625, 0.984375, 0.9921875, 0.9765625, 0.9921875, 1.0, 0.98828125, 0.99609375, 0.98046875, 1.0, 0.98828125, 0.99609375, 1.0, 0.99609375, 0.98046875, 0.98828125, 0.984375, 1.0, 0.984375, 0.99609375, 0.984375, 0.99609375, 0.98828125, 0.9921875, 0.99609375, 0.9921875, 0.99609375, 0.99609375, 0.99609375, 0.98828125, 0.98828125, 0.9921875, 0.99609375, 0.98046875, 0.98828125, 0.9921875, 0.99609375, 1.0, 0.99609375, 0.9921875, 1.0, 0.984375, 0.98046875, 0.9921875, 1.0, 0.9921875], last = 0.992188
mnist_noise_tf_conv_networks:
noise_coef = 0.08, accuracy_array = [0.9609375, 0.98828125, 0.9765625, 0.9765625, 0.984375, 0.9921875, 0.9921875, 0.98046875, 0.99609375, 0.98828125, 0.98828125, 0.984375, 0.99609375, 0.98828125, 0.9921875, 1.0, 0.99609375, 0.9921875, 0.99609375, 1.0, 0.98828125, 0.98828125, 0.99609375, 0.98828125, 0.98828125, 0.984375, 0.98828125, 0.99609375, 0.9921875, 0.98828125, 0.9921875, 0.98828125, 0.984375, 0.99609375, 0.99609375, 0.99609375, 0.9921875, 0.99609375, 0.9921875, 1.0, 0.99609375, 0.98828125, 1.0, 0.98046875, 0.984375, 1.0, 0.99609375, 1.0, 0.98046875, 0.9921875, 0.99609375, 1.0, 0.99609375, 0.99609375, 0.99609375, 0.9921875, 0.98046875, 1.0, 0.98828125, 0.9921875, 0.9921875, 0.9921875, 0.984375, 0.99609375, 0.9921875, 0.98828125, 0.9921875, 0.9921875, 0.984375, 0.98828125, 0.98828125, 0.984375, 0.9921875, 1.0, 0.99609375, 0.98828125, 1.0, 0.984375, 0.99609375, 0.98828125, 0.9921875, 0.9921875, 0.984375, 0.984375, 0.9921875, 0.99609375, 0.984375, 0.9921875, 0.9921875, 0.99609375, 0.9921875, 0.98828125, 0.98828125, 0.9921875, 0.99609375, 0.9921875, 0.98828125, 0.98828125, 0.99609375, 0.9921875], last = 0.992188
mnist_noise_tf_conv_networks:
noise_coef = 0.09, accuracy_array = [0.9375, 0.97265625, 0.984375, 0.98828125, 0.98046875, 1.0, 0.98828125, 0.9921875, 1.0, 0.98828125, 0.984375, 0.98828125, 0.9921875, 0.9921875, 0.99609375, 0.984375, 0.98828125, 1.0, 0.9921875, 1.0, 0.9921875, 0.98828125, 0.97265625, 0.9921875, 1.0, 0.98828125, 0.99609375, 0.9921875, 0.99609375, 0.99609375, 1.0, 0.984375, 0.98828125, 0.99609375, 0.984375, 0.98828125, 0.98046875, 0.98828125, 0.984375, 0.984375, 1.0, 0.98828125, 0.984375, 1.0, 0.98828125, 0.984375, 0.9921875, 0.9921875, 0.98828125, 0.9921875, 0.984375, 0.9921875, 0.9921875, 0.98828125, 0.9921875, 0.984375, 0.98828125, 0.98828125, 1.0, 0.984375, 0.98828125, 0.9921875, 0.99609375, 0.99609375, 0.9921875, 0.9921875, 0.9921875, 0.98046875, 0.98828125, 0.984375, 0.99609375, 0.98828125, 1.0, 0.99609375, 0.9921875, 0.99609375, 0.9921875, 0.984375, 1.0, 0.98828125, 0.984375, 0.98828125, 0.9921875, 1.0, 0.9921875, 0.9921875, 1.0, 0.99609375, 0.9921875, 1.0, 1.0, 0.9921875, 1.0, 0.9921875, 0.98828125, 1.0, 0.99609375, 0.9921875, 0.9921875, 0.9921875], last = 0.992188
mnist_noise_tf_conv_networks:
noise_coef = 0.1, accuracy_array = [0.94921875, 0.9765625, 0.984375, 0.98046875, 0.99609375, 0.99609375, 0.984375, 0.99609375, 0.9921875, 0.97265625, 0.99609375, 0.9921875, 0.98046875, 0.9921875, 0.99609375, 0.99609375, 1.0, 1.0, 0.9921875, 0.98828125, 0.98828125, 1.0, 0.98828125, 0.99609375, 0.9921875, 1.0, 0.9921875, 0.99609375, 0.9921875, 0.98828125, 0.99609375, 0.9921875, 0.98828125, 0.984375, 0.9921875, 0.98828125, 0.9921875, 0.98828125, 0.9765625, 0.99609375, 0.99609375, 0.99609375, 0.984375, 0.9921875, 0.98828125, 1.0, 0.99609375, 0.984375, 0.98046875, 0.98828125, 0.984375, 0.9921875, 0.9765625, 0.99609375, 0.9921875, 0.9921875, 0.98828125, 0.99609375, 0.98828125, 0.984375, 0.9921875, 0.984375, 0.98828125, 0.984375, 0.99609375, 0.99609375, 1.0, 0.9921875, 0.98828125, 0.9921875, 1.0, 0.9921875, 0.9921875, 0.99609375, 0.9921875, 0.984375, 0.984375, 0.98046875, 0.99609375, 0.98828125, 0.99609375, 0.984375, 0.98046875, 0.9921875, 1.0, 0.99609375, 1.0, 0.98828125, 0.9921875, 0.98828125, 0.99609375, 0.984375, 1.0, 0.9921875, 0.984375, 0.9921875, 0.98828125, 0.98828125, 0.98046875, 0.99609375], last = 0.996094
