mnist_noise_tf_conv_networks:
noise_coef = 0.4, accuracy_array = [0.859375, 0.95703125, 0.9453125, 1.0, 0.9609375, 0.9765625, 0.96875, 0.96875, 0.98046875, 0.984375, 0.9921875, 0.98046875, 0.97265625, 0.97265625, 0.99609375, 0.98046875, 0.98828125, 0.9765625, 0.984375, 0.953125, 0.9765625, 0.9921875, 0.984375, 0.97265625, 0.9765625, 0.984375, 0.98828125, 0.9765625, 0.984375, 0.98046875, 0.984375, 0.98828125, 0.98828125, 0.99609375, 0.984375, 0.98828125, 0.984375, 0.98828125, 0.98046875, 0.97265625, 0.99609375, 0.98046875, 0.96875, 0.98046875, 0.98828125, 0.984375, 0.97265625, 0.96484375, 0.99609375, 0.984375, 0.984375, 0.9921875, 0.95703125, 0.98828125, 0.98828125, 0.984375, 0.98828125, 0.98046875, 0.96484375, 0.97265625, 0.984375, 0.9921875, 0.98828125, 0.984375, 0.96875, 0.9921875, 0.98828125, 0.98828125, 0.96875, 0.984375, 0.98828125, 0.96484375, 0.98828125, 0.984375, 0.96875, 0.98046875, 0.9921875, 0.98828125, 0.9921875, 0.98828125, 0.99609375, 0.9765625, 0.97265625, 0.98828125, 0.98046875, 0.98046875, 0.98046875, 0.984375, 0.97265625, 0.9921875, 0.9921875, 0.96875, 0.98046875, 0.984375, 0.98046875, 0.984375, 0.96875, 0.98046875, 0.9765625, 0.98046875], last = 0.980469
mnist_noise_tf_conv_networks:
noise_coef = 0.15, accuracy_array = [0.93359375, 0.9765625, 0.984375, 0.98046875, 0.98828125, 0.984375, 0.984375, 0.9921875, 0.98828125, 0.9921875, 0.99609375, 0.99609375, 0.98828125, 0.98828125, 0.98828125, 1.0, 0.99609375, 0.99609375, 0.99609375, 1.0, 0.98828125, 0.984375, 0.9921875, 0.98828125, 1.0, 0.99609375, 0.99609375, 1.0, 0.98828125, 0.99609375, 0.99609375, 0.9921875, 0.99609375, 0.9921875, 0.9921875, 0.9921875, 0.984375, 0.984375, 0.99609375, 0.9921875, 0.9921875, 0.99609375, 0.99609375, 0.9921875, 0.99609375, 0.9921875, 0.99609375, 0.984375, 0.9765625, 0.98828125, 0.9921875, 0.99609375, 0.98828125, 0.99609375, 0.984375, 0.98828125, 1.0, 0.9765625, 0.9921875, 0.98828125, 0.99609375, 0.9921875, 0.9765625, 0.98828125, 0.9921875, 0.99609375, 0.9921875, 0.99609375, 0.9921875, 0.99609375, 0.9921875, 0.98828125, 0.99609375, 0.98046875, 1.0, 0.9921875, 0.98828125, 0.98828125, 0.98046875, 0.9921875, 0.99609375, 0.99609375, 0.9921875, 0.984375, 0.99609375, 0.984375, 0.98828125, 0.9921875, 0.98828125, 1.0, 0.98828125, 0.97265625, 0.984375, 0.9921875, 0.9921875, 0.98828125, 0.98828125, 0.99609375, 0.9921875, 0.984375], last = 0.984375
mnist_noise_tf_conv_networks:
noise_coef = 0.25, accuracy_array = [0.92578125, 0.97265625, 0.96875, 0.99609375, 0.9765625, 0.99609375, 0.9921875, 0.9921875, 0.98828125, 0.9921875, 0.984375, 0.97265625, 0.99609375, 0.99609375, 0.9921875, 0.9765625, 0.99609375, 0.98828125, 1.0, 0.9921875, 0.99609375, 0.984375, 1.0, 0.99609375, 0.9921875, 1.0, 0.9921875, 0.99609375, 0.9921875, 0.98828125, 0.9921875, 0.97265625, 0.9921875, 0.9921875, 0.9921875, 0.9921875, 0.9921875, 0.98828125, 0.9765625, 0.9921875, 0.98828125, 0.99609375, 0.9921875, 0.99609375, 1.0, 0.99609375, 0.99609375, 0.9921875, 0.99609375, 0.984375, 0.9765625, 0.98828125, 0.9921875, 0.984375, 0.98046875, 0.9765625, 0.98828125, 0.98828125, 0.98828125, 0.98828125, 0.984375, 0.99609375, 0.9921875, 0.98046875, 0.99609375, 0.9921875, 0.96875, 0.984375, 0.9921875, 0.9921875, 0.98828125, 0.98828125, 0.984375, 0.98828125, 0.9921875, 0.9921875, 0.984375, 0.99609375, 0.98828125, 0.99609375, 0.984375, 0.99609375, 0.99609375, 0.984375, 0.9921875, 0.97265625, 0.984375, 0.9921875, 0.9921875, 0.984375, 0.984375, 0.9765625, 0.9765625, 0.98828125, 0.99609375, 0.98828125, 0.984375, 1.0, 0.984375, 0.98828125], last = 0.988281
mnist_noise_tf_conv_networks:
noise_coef = 0.35, accuracy_array = [0.8125, 0.9375, 0.984375, 0.984375, 0.984375, 0.984375, 0.98046875, 0.98828125, 0.98046875, 0.984375, 0.98046875, 0.984375, 0.98828125, 0.98828125, 0.98046875, 0.99609375, 0.9921875, 0.9921875, 0.96484375, 0.984375, 0.9921875, 0.98828125, 0.99609375, 0.99609375, 0.98828125, 0.984375, 0.98046875, 0.98828125, 0.98828125, 0.9921875, 0.984375, 0.98046875, 0.9921875, 0.9765625, 0.98828125, 0.98828125, 0.984375, 0.98828125, 0.99609375, 0.97265625, 0.9765625, 0.9921875, 0.984375, 0.984375, 0.98046875, 0.98046875, 0.9921875, 0.98046875, 0.99609375, 0.98828125, 0.984375, 0.9921875, 0.9921875, 0.98046875, 0.98828125, 0.98828125, 0.97265625, 0.96484375, 0.99609375, 0.96875, 0.984375, 0.984375, 0.984375, 0.99609375, 0.9921875, 0.9921875, 0.98828125, 0.9921875, 0.9921875, 0.9765625, 0.98828125, 0.984375, 0.97265625, 0.98046875, 0.9921875, 0.9921875, 0.9921875, 0.97265625, 0.98046875, 0.98828125, 0.9921875, 0.98828125, 0.98828125, 0.9765625, 0.9765625, 0.99609375, 0.99609375, 0.9921875, 0.984375, 0.99609375, 0.97265625, 0.98828125, 0.984375, 0.97265625, 0.984375, 0.98046875, 0.984375, 0.98828125, 0.984375, 0.9765625], last = 0.976562
mnist_noise_tf_conv_networks:
noise_coef = 0.45, accuracy_array = [0.82421875, 0.9296875, 0.9765625, 0.953125, 0.98046875, 0.97265625, 0.98828125, 0.9765625, 0.98046875, 0.99609375, 0.984375, 0.9921875, 0.97265625, 0.98046875, 0.9765625, 0.9921875, 0.984375, 0.984375, 0.9921875, 0.98828125, 0.984375, 0.98828125, 0.98046875, 0.9765625, 0.98046875, 0.984375, 0.984375, 0.9765625, 0.9765625, 0.984375, 0.98828125, 0.984375, 0.9765625, 0.984375, 0.984375, 0.97265625, 0.98828125, 0.98046875, 0.984375, 0.96875, 0.99609375, 0.98046875, 0.98046875, 0.9765625, 0.98828125, 0.98828125, 0.9921875, 0.9609375, 0.97265625, 0.97265625, 0.98046875, 0.99609375, 1.0, 0.96875, 0.98828125, 0.984375, 0.9765625, 0.98828125, 0.97265625, 0.984375, 0.97265625, 0.9765625, 0.99609375, 0.98046875, 0.9765625, 0.984375, 0.96875, 0.984375, 0.9609375, 0.9765625, 0.9765625, 0.9765625, 0.9765625, 0.98046875, 0.96875, 0.9765625, 0.99609375, 0.97265625, 0.97265625, 0.984375, 0.97265625, 0.98046875, 0.97265625, 0.98046875, 0.9765625, 0.98046875, 0.98828125, 0.98828125, 0.97265625, 0.98046875, 0.98828125, 0.9609375, 0.96875, 0.9765625, 0.96875, 0.98828125, 0.98828125, 0.984375, 0.984375, 0.96875], last = 0.96875
mnist_noise_tf_conv_networks:
noise_coef = 0.55, accuracy_array = [0.69140625, 0.9140625, 0.953125, 0.94921875, 0.96484375, 0.96875, 0.96484375, 0.98828125, 0.984375, 0.97265625, 0.9765625, 0.96484375, 0.96875, 0.9765625, 0.97265625, 0.984375, 0.98046875, 0.98828125, 0.9765625, 0.96875, 0.96875, 0.98046875, 0.97265625, 0.98046875, 0.9765625, 0.98046875, 0.98828125, 0.9765625, 0.96484375, 0.98046875, 0.9765625, 0.984375, 0.98828125, 0.9765625, 0.98828125, 0.9609375, 0.9453125, 0.97265625, 0.984375, 0.984375, 0.96875, 0.98046875, 0.98828125, 0.9921875, 0.97265625, 0.984375, 0.96875, 0.984375, 0.96484375, 0.97265625, 0.9765625, 0.98046875, 0.96875, 0.984375, 0.98828125, 0.97265625, 0.96875, 0.984375, 0.984375, 0.9765625, 0.9765625, 0.96875, 0.98046875, 0.98828125, 0.96875, 0.96875, 0.97265625, 0.984375, 0.96875, 0.96875, 0.9921875, 0.98046875, 0.98828125, 0.96875, 0.99609375, 0.98828125, 0.97265625, 0.98046875, 0.98046875, 0.96484375, 0.97265625, 0.9765625, 0.9765625, 0.97265625, 0.96875, 0.9609375, 0.96875, 0.96875, 0.9609375, 0.96484375, 0.97265625, 0.96484375, 0.9765625, 0.9921875, 0.97265625, 0.98046875, 0.98828125, 0.97265625, 0.95703125, 0.98828125], last = 0.988281
mnist_noise_tf_conv_networks:
noise_coef = 0.65, accuracy_array = [0.671875, 0.91015625, 0.921875, 0.94921875, 0.96484375, 0.953125, 0.96484375, 0.94921875, 0.94140625, 0.94921875, 0.94140625, 0.96875, 0.97265625, 0.9609375, 0.94921875, 0.96484375, 0.94921875, 0.94921875, 0.984375, 0.953125, 0.9453125, 0.95703125, 0.94921875, 0.94921875, 0.96875, 0.96484375, 0.95703125, 0.96484375, 0.98046875, 0.95703125, 0.98046875, 0.94921875, 0.953125, 0.96484375, 0.95703125, 0.92578125, 0.96875, 0.96875, 0.96484375, 0.96484375, 0.93359375, 0.953125, 0.9609375, 0.953125, 0.9765625, 0.96484375, 0.9453125, 0.96484375, 0.92578125, 0.96484375, 0.97265625, 0.953125, 0.97265625, 0.95703125, 0.95703125, 0.96875, 0.96875, 0.9296875, 0.9609375, 0.96484375, 0.94921875, 0.95703125, 0.9453125, 0.9609375, 0.9609375, 0.953125, 0.97265625, 0.95703125, 0.953125, 0.953125, 0.95703125, 0.97265625, 0.94921875, 0.97265625, 0.9765625, 0.9453125, 0.93359375, 0.96484375, 0.9609375, 0.96875, 0.95703125, 0.96484375, 0.9296875, 0.9375, 0.92578125, 0.96484375, 0.953125, 0.9609375, 0.96875, 0.96875, 0.9609375, 0.9375, 0.9453125, 0.9609375, 0.9609375, 0.94921875, 0.9453125, 0.953125, 0.95703125, 0.953125], last = 0.953125
mnist_noise_tf_conv_networks:
noise_coef = 0.75, accuracy_array = [0.515625, 0.83203125, 0.8671875, 0.91796875, 0.875, 0.90625, 0.91015625, 0.90625, 0.9296875, 0.93359375, 0.93359375, 0.91796875, 0.93359375, 0.94140625, 0.90625, 0.92578125, 0.9296875, 0.9296875, 0.91015625, 0.9140625, 0.90625, 0.953125, 0.95703125, 0.953125, 0.89453125, 0.9296875, 0.953125, 0.8984375, 0.93359375, 0.89453125, 0.953125, 0.9453125, 0.91015625, 0.89453125, 0.953125, 0.93359375, 0.90625, 0.93359375, 0.90625, 0.91796875, 0.91015625, 0.94921875, 0.93359375, 0.9140625, 0.91015625, 0.90234375, 0.94140625, 0.91796875, 0.91015625, 0.91015625, 0.9375, 0.90234375, 0.9140625, 0.9140625, 0.93359375, 0.94140625, 0.921875, 0.91796875, 0.93359375, 0.9375, 0.93359375, 0.8828125, 0.91015625, 0.921875, 0.93359375, 0.91015625, 0.90625, 0.9140625, 0.921875, 0.9375, 0.9453125, 0.9140625, 0.92578125, 0.9140625, 0.9140625, 0.92578125, 0.9140625, 0.93359375, 0.91796875, 0.9296875, 0.90234375, 0.9453125, 0.91796875, 0.92578125, 0.90625, 0.921875, 0.90234375, 0.89453125, 0.875, 0.921875, 0.90625, 0.91796875, 0.890625, 0.90625, 0.90625, 0.94921875, 0.93359375, 0.90625, 0.91015625, 0.91015625], last = 0.910156
mnist_noise_tf_conv_networks:
noise_coef = 0.85, accuracy_array = [0.3671875, 0.6640625, 0.734375, 0.765625, 0.78125, 0.8046875, 0.8203125, 0.84765625, 0.84765625, 0.81640625, 0.8046875, 0.83203125, 0.80859375, 0.859375, 0.828125, 0.84765625, 0.859375, 0.87109375, 0.8671875, 0.85546875, 0.828125, 0.8359375, 0.875, 0.8515625, 0.8828125, 0.86328125, 0.828125, 0.828125, 0.82421875, 0.8359375, 0.8203125, 0.83203125, 0.859375, 0.81640625, 0.81640625, 0.83984375, 0.8515625, 0.796875, 0.80859375, 0.8359375, 0.83984375, 0.8359375, 0.8203125, 0.8359375, 0.78125, 0.80078125, 0.828125, 0.80859375, 0.83984375, 0.82421875, 0.83203125, 0.84765625, 0.81640625, 0.84375, 0.8515625, 0.8046875, 0.828125, 0.84765625, 0.81640625, 0.828125, 0.8125, 0.84375, 0.8359375, 0.82421875, 0.87890625, 0.85546875, 0.83203125, 0.83203125, 0.828125, 0.8046875, 0.84375, 0.78515625, 0.82421875, 0.8125, 0.8125, 0.80859375, 0.7890625, 0.8671875, 0.828125, 0.8125, 0.84375, 0.84765625, 0.8046875, 0.8359375, 0.84375, 0.8125, 0.83984375, 0.84765625, 0.80859375, 0.83984375, 0.796875, 0.8046875, 0.765625, 0.828125, 0.84375, 0.8046875, 0.8046875, 0.8515625, 0.81640625, 0.84765625], last = 0.847656
mnist_noise_tf_conv_networks:
noise_coef = 0.95, accuracy_array = [0.11328125, 0.26953125, 0.36328125, 0.43359375, 0.46875, 0.40234375, 0.4453125, 0.48828125, 0.453125, 0.4921875, 0.51171875, 0.5234375, 0.515625, 0.484375, 0.54296875, 0.52734375, 0.49609375, 0.57421875, 0.53125, 0.5390625, 0.5703125, 0.5078125, 0.54296875, 0.59375, 0.48828125, 0.5, 0.4765625, 0.59375, 0.546875, 0.50390625, 0.51171875, 0.5, 0.5078125, 0.51953125, 0.51171875, 0.55078125, 0.4921875, 0.515625, 0.53515625, 0.50390625, 0.54296875, 0.609375, 0.56640625, 0.57421875, 0.5625, 0.53125, 0.56640625, 0.5078125, 0.53515625, 0.53515625, 0.55078125, 0.515625, 0.515625, 0.53125, 0.57421875, 0.56640625, 0.53125, 0.52734375, 0.4609375, 0.54296875, 0.5625, 0.62109375, 0.5625, 0.51953125, 0.56640625, 0.5, 0.56640625, 0.49609375, 0.50390625, 0.46875, 0.5390625, 0.546875, 0.55859375, 0.54296875, 0.60546875, 0.62890625, 0.4765625, 0.53515625, 0.56640625, 0.53125, 0.5390625, 0.51953125, 0.4921875, 0.50390625, 0.49609375, 0.52734375, 0.57421875, 0.5546875, 0.515625, 0.55859375, 0.55859375, 0.51171875, 0.53125, 0.53515625, 0.50390625, 0.53515625, 0.51953125, 0.57421875, 0.55078125, 0.62890625], last = 0.628906
mnist_noise_tf_conv_networks:
noise_coef = 0.2, accuracy_array = [0.91796875, 0.9609375, 0.97265625, 0.984375, 0.98828125, 0.98046875, 0.98828125, 0.99609375, 0.9921875, 1.0, 0.98828125, 1.0, 0.984375, 0.98828125, 0.98046875, 0.9921875, 1.0, 0.984375, 0.9921875, 0.9921875, 0.9921875, 0.9921875, 0.9921875, 0.9921875, 0.98828125, 0.99609375, 0.99609375, 0.9921875, 1.0, 0.984375, 0.98828125, 0.9921875, 0.98828125, 0.984375, 0.99609375, 0.984375, 0.98828125, 0.984375, 0.99609375, 0.98828125, 0.99609375, 0.99609375, 0.98828125, 0.99609375, 1.0, 0.9921875, 1.0, 0.98828125, 0.984375, 0.99609375, 1.0, 0.984375, 0.98828125, 0.98828125, 1.0, 0.97265625, 0.99609375, 0.98828125, 0.99609375, 0.9921875, 0.9765625, 0.99609375, 1.0, 0.98828125, 0.98828125, 0.98046875, 0.9921875, 0.9921875, 0.984375, 0.98828125, 0.9765625, 0.98828125, 0.98828125, 0.9921875, 0.9921875, 0.98828125, 0.98828125, 0.9921875, 0.9765625, 0.98828125, 0.98046875, 0.984375, 0.984375, 0.9765625, 0.98828125, 0.99609375, 0.984375, 0.9921875, 0.9921875, 0.984375, 0.98828125, 0.99609375, 0.984375, 0.99609375, 0.99609375, 0.984375, 0.984375, 0.99609375, 0.98828125, 0.98828125], last = 0.988281
mnist_noise_tf_conv_networks:
noise_coef = 0.3, accuracy_array = [0.8984375, 0.953125, 0.9609375, 0.98828125, 0.98046875, 0.984375, 0.98828125, 0.9921875, 0.9921875, 0.98046875, 0.99609375, 0.98828125, 0.984375, 0.9921875, 0.984375, 0.99609375, 0.9921875, 0.9921875, 0.98828125, 0.98046875, 0.9921875, 0.984375, 0.9921875, 0.98828125, 0.99609375, 0.98046875, 0.99609375, 0.98046875, 0.984375, 0.9765625, 0.9921875, 0.9921875, 0.99609375, 0.99609375, 0.984375, 0.98828125, 0.99609375, 0.95703125, 0.9921875, 0.98828125, 0.984375, 0.99609375, 0.9921875, 0.9921875, 0.9765625, 0.9921875, 0.9921875, 0.97265625, 0.98828125, 0.9765625, 0.98046875, 0.9765625, 0.99609375, 0.98046875, 0.99609375, 0.9765625, 0.9921875, 0.98828125, 0.99609375, 0.9921875, 0.9765625, 0.9921875, 0.98828125, 0.98828125, 0.9921875, 0.99609375, 0.984375, 0.98828125, 0.99609375, 0.98828125, 0.9921875, 0.98046875, 0.984375, 0.98828125, 0.98046875, 0.984375, 0.98046875, 0.98828125, 0.9921875, 0.98828125, 0.9921875, 0.98828125, 0.99609375, 0.9921875, 0.99609375, 0.9765625, 0.9765625, 0.98828125, 0.99609375, 0.98046875, 0.99609375, 0.98046875, 0.98828125, 0.9765625, 0.99609375, 0.9921875, 1.0, 0.9921875, 0.98046875, 0.99609375], last = 0.996094
mnist_noise_tf_conv_networks:
noise_coef = 0.4, accuracy_array = [0.86328125, 0.98046875, 0.9609375, 0.96875, 0.98046875, 0.9765625, 0.96875, 0.98828125, 0.98828125, 0.98046875, 0.98828125, 0.97265625, 0.984375, 0.98046875, 0.984375, 0.9921875, 0.98828125, 0.97265625, 0.98828125, 0.98828125, 0.9765625, 0.9765625, 0.984375, 0.98828125, 0.9765625, 0.98828125, 0.984375, 0.984375, 0.99609375, 0.96875, 0.98046875, 0.9765625, 0.98828125, 0.98828125, 0.984375, 0.98828125, 0.98046875, 0.984375, 0.96875, 0.98828125, 0.9921875, 0.98046875, 0.984375, 0.98046875, 0.98046875, 0.97265625, 0.9765625, 0.98046875, 0.96875, 0.98828125, 0.98828125, 0.98828125, 0.984375, 0.98046875, 0.984375, 1.0, 0.9765625, 0.98046875, 0.9921875, 0.9921875, 0.9765625, 0.984375, 0.984375, 0.98828125, 0.99609375, 0.9921875, 0.96875, 0.984375, 0.9921875, 0.984375, 0.99609375, 0.97265625, 0.9765625, 0.98828125, 0.98046875, 0.98046875, 0.9921875, 0.9765625, 0.99609375, 0.98828125, 0.98828125, 0.96484375, 0.97265625, 0.98828125, 0.9921875, 0.9765625, 0.98046875, 0.99609375, 0.9765625, 0.9765625, 0.984375, 0.96875, 0.98046875, 0.98046875, 0.9765625, 0.9921875, 0.98828125, 0.98828125, 0.98828125, 0.98828125], last = 0.988281
mnist_noise_tf_conv_networks:
noise_coef = 0.5, accuracy_array = [0.7890625, 0.9296875, 0.94140625, 0.94921875, 0.97265625, 0.96484375, 0.96875, 0.984375, 0.97265625, 0.98046875, 0.97265625, 0.984375, 0.98828125, 0.96875, 0.96875, 0.98046875, 0.98046875, 0.9921875, 0.9765625, 0.984375, 0.9765625, 0.98828125, 0.9921875, 0.984375, 0.984375, 0.97265625, 0.9765625, 0.96875, 0.98828125, 0.9609375, 0.984375, 0.9765625, 0.97265625, 0.984375, 0.9921875, 0.97265625, 0.95703125, 0.984375, 0.97265625, 0.98046875, 0.98046875, 0.97265625, 0.99609375, 0.9765625, 0.97265625, 0.96875, 0.97265625, 0.9765625, 0.98046875, 0.96875, 0.98046875, 0.984375, 0.96875, 0.98046875, 0.97265625, 0.984375, 0.98828125, 0.984375, 0.96875, 0.96875, 0.96484375, 0.99609375, 0.984375, 0.984375, 0.98828125, 0.98046875, 0.984375, 0.96875, 0.98828125, 0.9609375, 0.98046875, 0.97265625, 0.9765625, 0.98046875, 0.984375, 0.9609375, 0.98828125, 0.98828125, 0.984375, 0.9765625, 0.9765625, 0.96875, 0.98828125, 0.96875, 0.9765625, 0.96875, 0.98828125, 0.96484375, 0.97265625, 0.98046875, 0.984375, 0.9765625, 0.96484375, 0.98828125, 0.9765625, 0.98828125, 0.96484375, 0.97265625, 0.96875, 0.95703125], last = 0.957031
mnist_noise_tf_conv_networks:
noise_coef = 0.6, accuracy_array = [0.703125, 0.90625, 0.9375, 0.96875, 0.9453125, 0.9609375, 0.9609375, 0.98046875, 0.9609375, 0.98046875, 0.96484375, 0.9765625, 0.96875, 0.9609375, 0.97265625, 0.9765625, 0.9765625, 0.96875, 0.95703125, 0.97265625, 0.9765625, 0.98046875, 0.96484375, 0.96484375, 0.97265625, 0.9765625, 0.95703125, 0.9765625, 0.96484375, 0.97265625, 0.96875, 0.97265625, 0.9765625, 0.96484375, 0.96484375, 0.94140625, 0.97265625, 0.9765625, 0.97265625, 0.98828125, 0.9921875, 0.96484375, 0.9765625, 0.95703125, 0.97265625, 0.96875, 0.98828125, 0.96875, 0.9765625, 0.97265625, 0.95703125, 0.9453125, 0.9609375, 0.97265625, 0.96875, 0.9765625, 0.98828125, 0.96875, 0.97265625, 0.98046875, 0.95703125, 0.96875, 0.9609375, 0.97265625, 0.9609375, 0.97265625, 0.96484375, 0.96875, 0.98046875, 0.9765625, 0.96875, 0.97265625, 0.97265625, 0.97265625, 0.984375, 0.98046875, 0.9609375, 0.9921875, 0.98046875, 0.96484375, 0.97265625, 0.95703125, 0.9765625, 0.953125, 0.96484375, 0.98046875, 0.97265625, 0.97265625, 0.9765625, 0.953125, 0.97265625, 0.9609375, 0.9765625, 0.96484375, 0.96484375, 0.9609375, 0.95703125, 0.9609375, 0.94921875, 0.97265625], last = 0.972656
mnist_noise_tf_conv_networks:
noise_coef = 0.7, accuracy_array = [0.69140625, 0.90625, 0.89453125, 0.90234375, 0.9453125, 0.92578125, 0.953125, 0.93359375, 0.9375, 0.94921875, 0.94921875, 0.94921875, 0.9453125, 0.921875, 0.93359375, 0.94921875, 0.94921875, 0.93359375, 0.93359375, 0.93359375, 0.9453125, 0.93359375, 0.9609375, 0.95703125, 0.90234375, 0.953125, 0.97265625, 0.98046875, 0.9453125, 0.91796875, 0.94140625, 0.9609375, 0.953125, 0.9453125, 0.9609375, 0.94921875, 0.95703125, 0.9375, 0.96875, 0.94921875, 0.94921875, 0.94921875, 0.94921875, 0.9453125, 0.9296875, 0.94921875, 0.953125, 0.94921875, 0.94921875, 0.9375, 0.9296875, 0.921875, 0.9609375, 0.953125, 0.9609375, 0.94140625, 0.9453125, 0.96875, 0.96875, 0.95703125, 0.921875, 0.9453125, 0.95703125, 0.94921875, 0.9453125, 0.95703125, 0.9609375, 0.953125, 0.95703125, 0.953125, 0.91015625, 0.91796875, 0.90625, 0.93359375, 0.9609375, 0.94921875, 0.94921875, 0.9453125, 0.9453125, 0.9296875, 0.94921875, 0.9375, 0.92578125, 0.9453125, 0.921875, 0.9296875, 0.95703125, 0.94921875, 0.953125, 0.953125, 0.94140625, 0.9453125, 0.93359375, 0.96484375, 0.953125, 0.9296875, 0.94140625, 0.94140625, 0.95703125, 0.94140625], last = 0.941406
mnist_noise_tf_conv_networks:
noise_coef = 0.8, accuracy_array = [0.4921875, 0.73828125, 0.828125, 0.85546875, 0.84375, 0.8359375, 0.79296875, 0.8828125, 0.8671875, 0.88671875, 0.890625, 0.890625, 0.8984375, 0.875, 0.890625, 0.890625, 0.890625, 0.8828125, 0.91796875, 0.8984375, 0.921875, 0.8984375, 0.8984375, 0.9140625, 0.921875, 0.90625, 0.88671875, 0.91015625, 0.9296875, 0.875, 0.88671875, 0.86328125, 0.8828125, 0.86328125, 0.875, 0.88671875, 0.875, 0.890625, 0.88671875, 0.90234375, 0.8671875, 0.9140625, 0.890625, 0.88671875, 0.90234375, 0.8828125, 0.890625, 0.90234375, 0.90234375, 0.88671875, 0.890625, 0.87109375, 0.85546875, 0.86328125, 0.875, 0.89453125, 0.88671875, 0.91015625, 0.890625, 0.91015625, 0.91015625, 0.875, 0.90625, 0.890625, 0.89453125, 0.84375, 0.91015625, 0.87890625, 0.90234375, 0.91015625, 0.87890625, 0.87109375, 0.85546875, 0.83984375, 0.9140625, 0.89453125, 0.8984375, 0.8828125, 0.875, 0.859375, 0.8671875, 0.8515625, 0.91015625, 0.8828125, 0.875, 0.8984375, 0.88671875, 0.90234375, 0.890625, 0.8828125, 0.8828125, 0.90625, 0.91015625, 0.87109375, 0.86328125, 0.88671875, 0.890625, 0.9140625, 0.87890625, 0.8671875], last = 0.867188
mnist_noise_tf_conv_networks:
noise_coef = 0.9, accuracy_array = [0.12109375, 0.4609375, 0.63671875, 0.671875, 0.68359375, 0.68359375, 0.6953125, 0.70703125, 0.74609375, 0.69140625, 0.69921875, 0.7109375, 0.7890625, 0.6796875, 0.7265625, 0.67578125, 0.671875, 0.74609375, 0.70703125, 0.71875, 0.7578125, 0.75390625, 0.734375, 0.74609375, 0.71484375, 0.796875, 0.671875, 0.734375, 0.7578125, 0.7265625, 0.76953125, 0.765625, 0.68359375, 0.75, 0.73828125, 0.78125, 0.75, 0.7109375, 0.7265625, 0.69921875, 0.73828125, 0.7265625, 0.7578125, 0.78125, 0.69140625, 0.69140625, 0.77734375, 0.7265625, 0.7421875, 0.73828125, 0.76953125, 0.73828125, 0.7578125, 0.69921875, 0.78125, 0.734375, 0.7734375, 0.74609375, 0.7734375, 0.73046875, 0.77734375, 0.6953125, 0.7578125, 0.74609375, 0.73828125, 0.73828125, 0.765625, 0.734375, 0.72265625, 0.7578125, 0.79296875, 0.79296875, 0.74609375, 0.7421875, 0.6875, 0.765625, 0.73046875, 0.74609375, 0.7734375, 0.77734375, 0.71875, 0.71875, 0.6875, 0.70703125, 0.7578125, 0.71484375, 0.69921875, 0.75390625, 0.7578125, 0.7578125, 0.765625, 0.765625, 0.71875, 0.75, 0.7734375, 0.78125, 0.78515625, 0.76171875, 0.73046875, 0.74609375], last = 0.746094
mnist_noise_tf_conv_networks:
[  6.92793560e-310   6.92793560e-310   9.96093750e-001   9.88281250e-001
   9.57031250e-001   9.72656250e-001   8.67187500e-001   7.46093750e-001]
