[ 0.95725  0.95925  0.954    0.95575  0.95075  0.95275  0.94575  0.94625
  0.944    0.942    0.93975  0.939    0.933    0.929    0.925    0.92225
  0.9145   0.91475  0.90525  0.90525  0.899    0.89475  0.89225  0.88575
  0.87475  0.8705   0.85925  0.8595   0.85375  0.83925  0.82875  0.82675
  0.807    0.78625  0.786    0.76825  0.7475   0.749    0.7295   0.7045
  0.69025  0.67825  0.648    0.6305   0.607    0.56875  0.556    0.5215
  0.4965   0.48975  0.454    0.43625  0.42375  0.396    0.37075  0.374
  0.35375  0.329    0.303    0.305    0.276    0.27525  0.25625  0.242
  0.23475  0.23775  0.20175  0.21225  0.1975   0.2005   0.1865   0.1845
  0.1665   0.16775  0.16975  0.14725  0.141    0.14825  0.14825  0.13725
  0.13925  0.13225  0.12975  0.13475  0.1265   0.11575  0.13025  0.1175
  0.111    0.11675  0.11825  0.11475  0.1075   0.114    0.106    0.1065
  0.1095   0.10675  0.10275  0.0935 ]
[ 0.8875   0.85725  0.8635   0.84825  0.83075  0.82125  0.82725  0.83525
  0.8295   0.80125  0.81175  0.81225  0.77325  0.752    0.8055   0.79575
  0.79675  0.77875  0.77275  0.7755   0.766    0.7465   0.7885   0.764
  0.76725  0.7535   0.72575  0.76725  0.767    0.72175  0.7345   0.71675
  0.73925  0.71725  0.7215   0.70325  0.69275  0.7135   0.70575  0.704
  0.70725  0.7085   0.68225  0.647    0.67125  0.68125  0.6665   0.659
  0.61875  0.64025  0.64275  0.618    0.66225  0.47775  0.6295   0.49275
  0.651    0.60775  0.5875   0.50075  0.5985   0.579    0.607    0.5825
  0.58825  0.5845   0.5535   0.579    0.5005   0.473    0.37225  0.54975
  0.55775  0.48575  0.39625  0.4935   0.46875  0.35925  0.43925  0.50025
  0.392    0.34325  0.38775  0.27525  0.397    0.2835   0.31275  0.33975
  0.1975   0.2315   0.28     0.2295   0.24175  0.241    0.201    0.1575
  0.1915   0.15375  0.098    0.0965 ]
[ 0.56725  0.77475  0.808    0.821    0.827    0.83275  0.8295   0.82775
  0.836    0.8375   0.82875  0.8275   0.82675  0.82625  0.82575  0.8165
  0.814    0.81575  0.818    0.81025  0.8115   0.80275  0.80475  0.79875
  0.80275  0.79525  0.7875   0.793    0.7885   0.78825  0.78775  0.78
  0.78725  0.77675  0.77825  0.7695   0.77225  0.77525  0.76325  0.7645
  0.7645   0.76675  0.7575   0.757    0.75975  0.75425  0.7555   0.75525
  0.75025  0.74875  0.7485   0.7455   0.74475  0.74075  0.738    0.72825
  0.73225  0.725    0.729    0.7185   0.7295   0.72025  0.71825  0.705
  0.7085   0.7015   0.71075  0.70075  0.6915   0.68725  0.679    0.6875
  0.6775   0.678    0.65775  0.6515   0.647    0.643    0.63175  0.63225
  0.61325  0.6065   0.60175  0.58175  0.5805   0.54825  0.5395   0.5415
  0.53575  0.51     0.4805   0.4695   0.4435   0.40975  0.3975   0.36275
  0.30625  0.268    0.2145   0.15425]
